4119 14029603 3401
4118 14018416 10976
4117 14014094 4128
4116 14001800 12083
4115 14000052 1542
4114 13999331 494
4113 13998348 756
4112 13997726 401
4111 13997048 497
4110 13996201 672
4109 13993096 2909
4108 13991792 1101
4107 13981707 9845
4106 13977694 3838
4105 13977033 437
4104 13976291 518
4103 13965297 10782
4102 13959975 5093
4101 13958964 786
4100 13957944 795
4099 13956862 860
4098 13954389 2274
4097 13952882 1343
4096 13945880 6811
4095 13941931 3753
4094 13933092 8668
4093 13932363 507
4092 13931263 881
4091 13927077 3990
4090 13920918 5981
4089 13917248 3450
4088 13912883 4168
4087 13911030 1642
4086 13906641 4193
4085 13902103 4311
4084 13897511 4387
4083 13892016 5323
4082 13890236 1562
4081 13889107 942
4080 13885069 3836
4079 13875456 9420
4078 13869642 5625
4077 13866791 2625
4076 13863565 3039
4075 13862858 506
4074 13861060 1583
4073 13851963 8875
4072 13850332 1407
4071 13846662 3462
4070 13834394 12057
4069 13819748 14453
4068 13815862 3684
4067 13811466 4219
4066 13799041 12238
4065 13795011 3825
4064 13791306 3512
4063 13765226 25892
4062 13762635 2404
4061 13750423 12043
4060 13744901 5347
4059 13742589 2055
4058 13739814 2576
4057 13738428 1210
4056 13732907 5330
4055 13732244 488
4054 13728453 3595
4053 13727312 960
4052 13726604 521
4051 13725429 988
4050 13715694 9502
4049 13706000 9475
4048 13699581 6226
4047 13693284 6109
4046 13686497 6566
4045 13680490 5786
4044 13677145 3127
4043 13675376 1557
4042 13672472 2708
4041 13671053 1207
4040 13662025 8818
4039 13655321 6514
4038 13652052 3092
4037 13645586 6289
4036 13643899 1501
4035 13637826 5886
4034 13631734 5904
4033 13628692 2839
4032 13622313 6197
4031 13618007 4089
4030 13608429 9382
4029 13606286 1934
4028 13604708 1372
4027 13600921 3593
4026 13590179 10494
4025 13584448 5511
4024 13578095 6165
4023 13571884 6030
4022 13571123 550
4021 13567899 2998
4020 13567143 551
4019 13563351 3543
4018 13532617 30505
4017 13516286 16142
4016 13504947 11124
4015 13480365 24385
4014 13477367 2816
4013 13473641 3537
4012 13469259 4191
4011 13464758 4310
4010 13461672 2897
4009 13459724 1766
4008 13456235 3296
4007 13450341 5706
4006 13447091 3042
4005 13444124 2733
4004 13434244 9650
4003 13416397 17605
4002 13415171 1004
4001 13412718 2225
4000 13406424 6103
3999 13403665 2565
3998 13395431 8062
3997 13392675 2534
3996 13387677 4804
3995 13385060 2428
3994 13380700 4153
3993 13377125 3366
3992 13374521 2413
3991 13372136 2194
3990 13369458 2490
3989 13366253 3004
3988 13365948 116
3987 13358770 7018
3986 13354340 4264
3985 13353374 805
3984 13350560 2620
3983 13340600 9772
3982 13336794 3618
3981 13332890 3704
3980 13327019 5695
3979 13326699 116
3978 13322191 4292
3977 13319812 2200
3976 13317474 2159
3975 13314901 2394
3974 13312443 2279
3973 13309430 2795
3972 13305624 3618
3971 13301720 3704
3970 13297212 4292
3969 13295120 1876
3968 13293340 1564
3967 13291423 1701
3966 13289249 1995
3965 13285922 3101
3964 13283312 2413
3963 13281316 1808
3962 13279482 1617
3961 13277286 1979
3960 13275065 2019
3959 13273129 1722
3958 13270266 2690
3957 13267323 2731
3956 13265126 1979
3955 13263291 1617
3954 13261294 1808
3953 13258230 2864
3952 13256008 2019
3951 13252531 3255
3950 13250676 1668
3949 13248739 1738
3948 13245953 2564
3947 13244038 1733
3946 13236100 7738
3945 13222533 13373
3944 13219709 2645
3943 13215847 3651
3942 13213492 2159
3941 13213187 116
3940 13210561 2438
3939 13204246 6121
3938 13188037 16009
3937 13184132 3721
3936 13181603 2321
3935 13176673 4749
3934 13164117 12354
3933 13160068 3837
3932 13152377 7474
3931 13151768 416
3930 13148842 2729
3929 13144407 4262
3928 13136624 7596
3927 13127804 8620
3926 13126238 1382
3925 13124598 1462
3924 13123029 1328
3923 13122446 381
3922 13121268 970
3921 13118191 2857
3920 13116602 1345
3919 13115867 575
3918 13113714 1956
3917 13108976 4521
3916 13106271 2498
3915 13101720 4347
3914 13097035 4435
3913 13096475 377
3912 13093519 2757
3911 13086930 6386
3910 13083296 3435
3909 13081452 1650
3908 13077631 3634
3907 13063865 13591
3906 13059948 3741
3905 13054550 5199
3904 13051937 2396
3903 13049688 2065
3902 13043760 5741
3901 13027911 15668
3900 13026120 1613
3899 13024030 1902
3898 13018439 5416
3897 13016668 1575
3896 13015651 833
3895 13011174 4242
3894 13009712 1302
3893 13006079 3470
3892 13002691 3222
3891 12998656 3875
3890 12989705 8783
3889 12986670 2866
3888 12982782 3728
3887 12979171 3424
3886 12970235 8755
3885 12967166 2879
3884 12964651 2337
3883 12958774 5687
3882 12952152 6459
3881 12950082 1913
3880 12949568 350
3879 12943690 5703
3878 12943169 348
3877 12940855 2105
3876 12938910 1766
3875 12936325 2371
3874 12933527 2588
3873 12932336 977
3872 12925215 6917
3871 12922177 2854
3870 12916874 5119
3869 12909102 7588
3868 12900546 8386
3867 12897658 2711
3866 12892945 4502
3865 12891443 1291
3864 12889963 1294
3863 12888163 1646
3862 12884591 3378
3861 12882013 2379
3860 12877440 4395
3859 12867990 9271
3858 12866629 1168
3857 12862238 4192
3856 12860259 1771
3855 12856594 3471
3854 12851017 5396
3853 12847897 2939
3852 12846269 1445
3851 12844197 1890
3850 12834344 9669
3849 12828099 6058
3848 12824339 3561
3847 12819028 5136
3846 12815578 3278
3845 12812417 2995
3844 12811833 400
3843 12801694 9964
3842 12796871 4651
3841 12794788 1900
3840 12791521 3077
3839 12787858 3464
3838 12785243 2424
3837 12783108 1944
3836 12781627 1298
3835 12775958 5452
3834 12775090 693
3833 12774344 526
3832 12770468 3653
3831 12767390 2897
3830 12764899 2310
3829 12759689 5014
3828 12759214 317
3827 12751291 7733
3826 12747606 3482
3825 12740342 7086
3824 12738513 1650
3823 12727509 10817
3822 12722194 5131
3821 12714373 7637
3820 12709245 4895
3819 12708603 428
3818 12707951 428
3817 12707337 439
3816 12706654 435
3815 12706009 424
3814 12705332 437
3813 12704701 444
3812 12704052 444
3811 12703430 444
3810 12702807 445
3809 12702167 418
3808 12701549 446
3807 12700909 447
3806 12700283 439
3805 12699651 442
3804 12699026 444
3803 12698368 444
3802 12697669 443
3801 12697011 434
3800 12696392 441
3799 12695708 436
3798 12695082 436
3797 12694454 438
3796 12693795 435
3795 12693115 441
3794 12692488 440
3793 12691859 436
3792 12691203 441
3791 12690549 433
3790 12689915 431
3789 12689287 444
3788 12688613 434
3787 12687973 418
3786 12687315 436
3785 12686669 425
3784 12685992 434
3783 12685345 432
3782 12684670 436
3781 12683986 436
3780 12683340 425
3779 12682666 434
3778 12682047 438
3777 12681405 420
3776 12680746 437
3775 12680100 425
3774 12679422 435
3773 12678774 433
3772 12678090 436
3771 12677462 435
3770 12676838 440
3769 12676190 445
3768 12675544 425
3767 12674911 428
3766 12674237 434
3765 12673583 434
3764 12672943 418
3763 12672271 440
3762 12671606 441
3761 12670922 436
3760 12670282 444
3759 12669637 445
3758 12669009 438
3757 12668394 431
3756 12667744 435
3755 12667112 421
3754 12666471 441
3753 12665843 444
3752 12665208 436
3751 12664568 440
3750 12663934 434
3749 12663282 431
3748 12662608 434
3747 12661963 423
3746 12661300 441
3745 12660647 432
3744 12659993 439
3743 12659315 435
3742 12658631 436
3741 12658005 442
3740 12657372 418
3739 12656741 444
3738 12656065 441
3737 12655401 447
3736 12654716 447
3735 12654068 427
3734 12653395 447
3733 12652721 434
3732 12652072 427
3731 12651408 442
3730 12650730 435
3729 12650078 431
3728 12649427 436
3727 12648743 436
3726 12648095 427
3725 12647418 437
3724 12646736 440
3723 12646087 427
3722 12645418 442
3721 12644736 434
3720 12644103 440
3719 12643466 437
3718 12642812 437
3717 12642175 440
3716 12641552 436
3715 12640913 440
3714 12640283 433
3713 12639648 435
3712 12639005 444
3711 12638347 440
3710 12637695 431
3709 12637020 434
3708 12636370 427
3707 12635710 437
3706 12635057 431
3705 12634397 437
3704 12633712 438
3703 12633027 436
3702 12632357 441
3701 12631712 423
3700 12631037 434
3699 12630391 423
3698 12629739 431
3697 12629103 428
3696 12628436 444
3695 12627792 443
3694 12627140 430
3693 12626490 434
3692 12625805 438
3691 12625126 441
3690 12624444 433
3689 12623739 440
3688 12623099 418
3687 12622443 444
3686 12621815 420
3685 12621140 434
3684 12620490 427
3683 12619807 434
3682 12619161 440
3681 12618526 435
3680 12617884 442
3679 12617245 439
3678 12616612 439
3677 12615973 445
3676 12615357 434
3675 12614719 441
3674 12614078 435
3673 12613438 440
3672 12612784 442
3671 12612155 426
3670 12611485 440
3669 12610780 439
3668 12610138 430
3667 12609464 434
3666 12608789 445
3665 12608149 427
3664 12607465 436
3663 12606786 439
3662 12606121 440
3661 12605481 427
3660 12604817 440
3659 12604166 434
3658 12603493 434
3657 12602843 429
3656 12602176 441
3655 12601489 439
3654 12600808 443
3653 12600145 433
3652 12599945 6
3651 12599268 437
3650 12598628 427
3649 12597942 438
3648 12597281 437
3647 12596654 437
3646 12596006 439
3645 12595382 434
3644 12594768 433
3643 12594102 442
3642 12593482 439
3641 12592835 447
3640 12592196 442
3639 12591559 437
3638 12590933 439
3637 12590272 429
3636 12589595 437
3635 12588879 441
3634 12588157 445
3633 12587434 446
3632 12586797 424
3631 12586110 436
3630 12585457 431
3629 12584780 440
3628 12584127 438
3627 12583473 431
3626 12582789 436
3625 12582165 443
3624 12581505 428
3623 12580826 439
3622 12580192 421
3621 12579539 431
3620 12578892 424
3619 12578220 442
3618 12577570 435
3617 12576883 439
3616 12576236 433
3615 12575559 437
3614 12574919 427
3613 12574290 418
3612 12573606 436
3611 12572948 434
3610 12572271 439
3609 12571579 444
3608 12570904 440
3607 12570230 439
3606 12569551 441
3605 12568846 439
3604 12568144 442
3603 12567458 439
3602 12566765 439
3601 12566071 440
3600 12565422 435
3599 12564745 437
3598 12564028 442
3597 12563352 440
3596 12562712 427
3595 12562054 436
3594 12561382 442
3593 12560735 432
3592 12560081 431
3591 12559397 436
3590 12558764 415
3589 12558121 429
3588 12557443 442
3587 12556766 437
3586 12556120 427
3585 12555462 436
3584 12554815 432
3583 12554169 426
3582 12553498 441
3581 12552817 436
3580 12552172 431
3579 12551529 447
3578 12550855 434
3577 12550208 428
3576 12549544 437
3575 12548863 436
3574 12548231 439
3573 12547563 444
3572 12546922 441
3571 12546268 436
3570 12545632 439
3569 12544976 438
3568 12544343 436
3567 12543716 437
3566 12543048 444
3565 12542412 436
3564 12541765 426
3563 12541123 428
3562 12540450 432
3561 12539735 437
3560 12539088 427
3559 12538384 445
3558 12537690 447
3557 12536993 440
3556 12536336 434
3555 12535688 427
3554 12535026 431
3553 12534380 430
3552 12533698 436
3551 12533062 437
3550 12532401 431
3549 12531753 434
3548 12531075 437
3547 12530441 423
3546 12529800 421
3545 12529118 436
3544 12528461 434
3543 12527817 423
3542 12527158 428
3541 12526510 432
3540 12525878 421
3539 12525201 445
3538 12524562 425
3537 12523890 431
3536 12523235 447
3535 12522590 425
3534 12521911 443
3533 12521206 447
3532 12520517 447
3531 12519835 436
3530 12519190 433
3529 12518552 438
3528 12517895 439
3527 12517255 440
3526 12516612 440
3525 12515982 443
3524 12515337 436
3523 12514696 443
3522 12514073 445
3521 12513432 441
3520 12512779 441
3519 12512140 439
3518 12511456 443
3517 12510814 446
3516 12510171 435
3515 12509523 446
3514 12508881 444
3513 12508206 435
3512 12507553 439
3511 12506907 424
3510 12506213 437
3509 12505526 442
3508 12504868 439
3507 12504193 435
3506 12503550 430
3505 12502864 441
3504 12502204 436
3503 12501544 439
3502 12500866 442
3501 12500202 440
3500 12499528 444
3499 12498876 441
3498 12498202 434
3497 12497515 439
3496 12496867 426
3495 12496184 438
3494 12495523 437
3493 12494848 445
3492 12494202 446
3491 12493555 447
3490 12492920 447
3489 12492287 442
3488 12491654 446
3487 12490998 446
3486 12490322 446
3485 12489678 442
3484 12489031 438
3483 12488388 447
3482 12487751 443
3481 12487101 439
3480 12486422 439
3479 12485769 445
3478 12485064 446
3477 12484365 443
3476 12483715 428
3475 12483056 437
3474 12482405 442
3473 12481721 433
3472 12481050 441
3471 12480396 434
3470 12479702 442
3469 12479039 424
3468 12478382 425
3467 12477724 444
3466 12477051 433
3465 12476413 448
3464 12475786 440
3463 12475081 441
3462 12474432 427
3461 12473744 436
3460 12473092 443
3459 12472433 439
3458 12471760 443
3457 12471072 442
3456 12470421 437
3455 12469745 436
3454 12469099 424
3453 12468425 438
3452 12467809 414
3451 12467117 440
3450 12466456 437
3449 12465809 447
3448 12465161 442
3447 12464516 445
3446 12463866 444
3445 12463231 441
3444 12462584 444
3443 12461939 448
3442 12461289 447
3441 12460657 444
3440 12460001 444
3439 12459343 444
3438 12458697 447
3437 12458018 439
3436 12457317 442
3435 12456670 448
3434 12456017 445
3433 12455368 427
3432 12454674 442
3431 12454016 436
3430 12453342 444
3429 12452690 443
3428 12452035 435
3427 12451406 427
3426 12450753 439
3425 12450068 440
3424 12449388 440
3423 12448739 427
3422 12448048 439
3421 12447392 434
3420 12446717 445
3419 12446064 433
3418 12445409 446
3417 12444756 439
3416 12444106 445
3415 12443460 447
3414 12442784 436
3413 12442134 428
3412 12441469 438
3411 12440773 441
3410 12440131 436
3409 12439473 446
3408 12438832 444
3407 12438188 444
3406 12437555 439
3405 12436909 446
3404 12436253 444
3403 12435606 447
3402 12434942 446
3401 12434307 435
3400 12433649 444
3399 12432945 442
3398 12432305 428
3397 12431631 433
3396 12430986 422
3395 12430294 436
3394 12429619 444
3393 12428962 436
3392 12428311 441
3391 12427653 435
3390 12426998 441
3389 12426321 436
3388 12425677 421
3387 12425048 427
3386 12424354 438
3385 12423697 436
3384 12423024 442
3383 12422369 445
3382 12421711 435
3381 12421091 418
3380 12420432 445
3379 12419753 438
3378 12419108 422
3377 12418415 437
3376 12417768 435
3375 12417131 440
3374 12416486 445
3373 12415844 445
3372 12415199 445
3371 12414542 445
3370 12413914 440
3369 12413263 442
3368 12412621 445
3367 12411958 441
3366 12411330 439
3365 12410675 441
3364 12409999 436
3363 12409302 440
3362 12408635 441
3361 12407984 429
3360 12407294 435
3359 12406631 443
3358 12405942 440
3357 12405265 437
3356 12404618 425
3355 12403926 437
3354 12403268 434
3353 12402614 431
3352 12401942 438
3351 12401289 440
3350 12400632 443
3349 12399955 437
3348 12399311 422
3347 12398617 439
3346 12397959 434
3345 12397317 442
3344 12396669 445
3343 12396031 441
3342 12395386 445
3341 12394761 441
3340 12394125 436
3339 12393475 441
3338 12392857 437
3337 12392191 445
3336 12391567 440
3335 12390918 435
3334 12390240 438
3333 12389530 445
3332 12388902 441
3331 12388255 425
3330 12387633 444
3329 12387004 445
3328 12386322 444
3327 12385650 446
3326 12384956 439
3325 12384303 431
3324 12383629 444
3323 12382978 442
3322 12382318 437
3321 12380356 1754
3320 12376613 3538
3319 12375812 610
3318 12370021 5617
3317 12365742 4068
3316 12355616 9958
3315 12352875 2564
3314 12345594 7110
3313 12343981 1439
3312 12339887 3926
3311 12336480 3239
3310 12335208 1113
3309 12327947 7065
3308 12322180 5584
3307 12320340 1639
3306 12311776 8405
3305 12305554 6023
3304 12301433 3916
3303 12296851 4401
3302 12293551 3114
3301 12292071 1315
3300 12289941 1956
3299 12287787 1959
3298 12283011 4589
3297 12276493 6347
3296 12272129 4187
3295 12266605 5310
3294 12264373 2028
3293 12256401 7761
3292 12251857 4342
3291 12246966 4678
3290 12242668 4106
3289 12239239 3251
3288 12235595 3446
3287 12231442 3954
3286 12230385 862
3285 12225593 4602
3284 12218966 6437
3283 12213828 4937
3282 12202238 11365
3281 12198768 3309
3280 12194188 4370
3279 12186602 7381
3278 12183102 3276
3277 12179964 2913
3276 12178315 1459
3275 12176771 1348
3274 12174414 2163
3273 12170438 3769
3272 12166901 3338
3271 12159422 7266
3270 12153192 6024
3269 12147732 5261
3268 12139788 7735
3267 12129526 10056
3266 12119846 9456
3265 12109333 10307
3264 12100907 8245
3263 12091498 9220
3262 12084950 6349
3261 12082267 2472
3260 12078701 3355
3259 12075804 2693
3258 12072202 3397
3257 12068289 3696
3256 12066134 1947
3255 12065677 264
3254 12062276 3209
3253 12059401 2679
3252 12056032 3152
3251 12052356 3475
3250 12045909 6269
3249 12039124 6575
3248 12030717 8208
3247 12028437 2078
3246 12028263 2
3245 12019204 8843
3244 12013663 5337
3243 12011904 1560
3242 12008516 3185
3241 12005608 2726
3240 12004027 1409
3239 12001155 2701
3238 11994744 6236
3237 11990538 4035
3236 11981016 9339
3235 11978086 2753
3234 11970901 7020
3233 11969881 808
3232 11963554 6150
3231 11958405 4951
3230 11953084 5123
3229 11947928 4956
3228 11944334 3414
3227 11942300 1848
3226 11930764 11353
3225 11922692 7901
3224 11921677 836
3223 11919005 2484
3222 11915432 3391
3221 11908640 6579
3220 11907818 628
3219 11906684 961
3218 11900406 6071
3217 11894119 6099
3216 11891980 1948
3215 11882918 8874
3214 11879597 3142
3213 11878610 771
3212 11871321 7104
3211 11866846 4289
3210 11859842 6828
3209 11851784 7864
1492 4860075 6589
1491 4854274 5599
1490 4852201 1892
1489 4848590 3422
1488 4846951 1458
1487 4841453 5307
1486 4840042 1192
1485 4839013 834
1484 4836138 2698
1483 4833462 2469
1482 4829410 3866
1481 4826270 2920
1480 4824711 1385
1479 4822640 1869
1478 4816394 6042
1477 4814411 1788
1476 4812184 2053
1475 4810567 1416
1474 4807966 2401
1473 4799194 8557
1472 4797979 1017
1471 4794986 2825
1470 4794086 670
1469 4792599 1281
1468 4789831 2576
1467 4788909 721
1466 4787473 1213
1465 4784692 2593
1464 4783403 1112
1463 4780369 2835
1462 4775252 4884
1461 4773829 1243
1460 4772594 1049
1459 4769771 2628
1458 4768066 1495
1457 4760118 7732
1456 4758791 1147
1455 4757533 1060
1454 4756253 1087
1453 4753602 2430
1452 4747859 5533
1451 4746362 1291
1450 4743467 2687
1449 4741234 2025
1448 4735523 5524
1447 4731719 3570
1446 4730288 1224
1445 4728369 1736
1444 4727169 998
1443 4726234 752
1442 4722489 3565
1441 4720489 1793
1440 4717936 2340
1439 4716382 1362
1438 4714434 1738
1437 4713794 440
1436 4713151 440
1435 4712521 443
1434 4711876 436
1433 4711235 443
1432 4710612 445
1431 4709971 441
1430 4709318 441
1429 4708679 439
1428 4708054 428
1427 4707375 444
1426 4706756 417
1425 4706117 429
1424 4705508 427
1423 4704904 418
1422 4704282 430
1421 4703643 429
1420 4703039 417
1419 4702413 430
1418 4701774 429
1417 4701130 431
1416 4700549 375
1415 4699910 429
1414 4699269 435
1413 4698644 439
1412 4698005 429
1411 4697401 417
1410 4696780 425
1409 4696149 437
1408 4695510 429
1407 4694930 374
1406 4694295 439
1405 4693670 430
1404 4693044 416
1403 4692428 417
1402 4691814 419
1401 4691214 425
1400 4690578 437
1399 4689939 429
1398 4689313 422
1397 4688696 431
1396 4688058 428
1395 4687452 419
1394 4686827 429
1393 4686188 429
1392 4685607 375
1391 4684936 437
1390 4684317 429
1389 4683687 420
1388 4683066 422
1387 4682451 424
1386 4681850 430
1385 4681229 431
1384 4680612 429
1383 4680009 403
1382 4679334 445
1381 4678688 446
1380 4678041 447
1379 4677406 447
1378 4676773 442
1377 4676140 446
1376 4675484 446
1375 4674808 446
1374 4674164 442
1373 4673517 438
1372 4672878 429
1371 4672248 426
1370 4671635 427
1369 4670975 437
1368 4670354 430
1367 4669759 422
1366 4669086 447
1365 4668447 429
1364 4667840 420
1363 4667216 428
1362 4666577 429
1361 4665929 441
1360 4665308 431
1359 4664677 421
1358 4664056 422
1357 4663440 426
1356 4662836 433
1355 4662214 416
1354 4661593 422
1353 4660971 420
1352 4660391 374
1351 4659794 424
1350 4659157 427
1349 4658528 425
1348 4657918 424
1347 4657281 427
1346 4656674 420
1345 4656051 427
1344 4655414 427
1343 4654833 375
1342 4654211 440
1341 4653589 432
1340 4652956 424
1339 4652335 422
1338 4651722 423
1337 4651120 431
1336 4650483 427
1335 4649854 425
1334 4649248 420
1333 4648611 427
1332 4647967 421
1331 4647360 420
1330 4646738 426
1329 4646108 431
1328 4645475 423
1327 4644868 413
1326 4644289 373
1325 4643641 442
1324 4643020 431
1323 4642390 421
1322 4641774 417
1321 4641159 425
1320 4640553 435
1319 4639936 429
1318 4639316 430
1317 4638698 406
1316 4638051 447
1315 4637403 442
1314 4636758 445
1313 4636108 444
1312 4635473 441
1311 4634826 444
1310 4634181 448
1309 4633531 447
1308 4632899 444
1307 4632243 444
1306 4631605 428
1305 4630976 425
1304 4630362 428
1303 4629705 435
1302 4629040 444
1301 4628403 427
1300 4627794 422
1299 4627171 427
1298 4626497 441
1297 4625918 373
1296 4625281 427
1295 4624665 440
1294 4624043 432
1293 4623411 423
1292 4622792 420
1291 4622178 424
1290 4621574 433
1289 4620965 415
1288 4620328 427
1287 4619698 427
1286 4619076 440
1285 4618463 427
1284 4617826 427
1283 4617222 417
1282 4616598 428
1281 4615961 427
1280 4615382 373
1279 4614768 438
1278 4614147 431
1277 4613518 420
1276 4612897 422
1275 4612280 422
1274 4611676 433
1273 4611039 427
1272 4610409 427
1271 4609795 436
1270 4609181 428
1269 4608544 427
1268 4607907 426
1267 4607298 422
1266 4606674 428
1265 4606059 440
1264 4605438 431
1263 4604811 418
1262 4604190 422
1261 4603576 424
1260 4602970 435
1259 4602350 429
1258 4601730 430
1257 4601151 373
1256 4600553 398
1255 4599916 426
1254 4599289 424
1253 4598599 426
1252 4597973 416
1251 4597356 430
1250 4596718 427
1249 4596112 418
1248 4595489 426
1247 4594853 425
1246 4594271 375
1245 4593655 439
1244 4593034 430
1243 4592405 419
1242 4591784 421
1241 4591173 420
1240 4590573 428
1239 4589932 430
1238 4589307 421
1237 4588695 425
1236 4588057 427
1235 4587449 420
1234 4586828 424
1233 4586216 418
1232 4585575 430
1231 4584995 373
1230 4584373 439
1229 4583753 429
1228 4583126 417
1227 4582506 420
1226 4581895 420
1225 4581293 430
1224 4580686 419
1223 4580035 437
1222 4579384 437
1221 4578746 427
1220 4578119 423
1219 4577469 435
1218 4576854 428
1217 4576235 426
1216 4575616 425
1215 4574999 420
1214 4574361 427
1213 4573742 418
1212 4573135 419
1211 4572511 427
1210 4571872 429
1209 4571292 373
1208 4570651 440
1207 4570031 429
1206 4569403 418
1205 4568783 420
1204 4568171 421
1203 4567562 437
1202 4566957 426
1201 4566341 426
1200 4565728 404
1199 4565091 440
1198 4564446 445
1197 4563804 445
1196 4563159 445
1195 4562502 445
1194 4561874 440
1193 4561223 442
1192 4560581 445
1191 4559918 441
1190 4559290 439
1189 4558650 430
1188 4558037 421
1187 4557424 427
1186 4556786 425
1185 4556146 430
1184 4555526 418
1183 4554886 429
1182 4554249 427
1181 4553710 333
1180 4553092 434
1179 4552478 430
1178 4551859 435
1177 4551241 434
1176 4550578 443
1175 4549937 435
1174 4549324 427
1173 4548715 399
1172 4548066 435
1171 4547773 82
1170 4547502 82
1169 4546880 418
1168 4546241 426
1167 4545947 80
1166 4545670 80
1165 4545061 399
1164 4544522 333
1163 4543903 438
1162 4543251 426
1161 4542595 416
1160 4541982 414
1159 4541339 418
1158 4540724 440
1157 4540115 399
1156 4539458 421
1155 4538848 424
1154 4538239 399
1153 4537615 420
1152 4536976 426
1151 4536367 399
1150 4535828 333
1149 4535214 442
1148 4534596 427
1147 4533935 419
1146 4533322 414
1145 4532682 420
1144 4532076 435
1143 4531457 431
1142 4530838 429
1141 4530196 442
1140 4529548 445
1139 4528910 441
1138 4528265 445
1137 4527640 441
1136 4527004 436
1135 4526354 441
1134 4525736 437
1133 4525070 445
1132 4524446 440
1131 4523889 366
1130 4523254 425
1129 4522598 420
1128 4522247 182
1127 4521636 425
1126 4520968 421
1125 4520355 440
1124 4519746 399
1123 4519124 418
1122 4518485 426
1121 4517861 440
1120 4517238 436
1119 4516626 425
1118 4516008 431
1117 4515387 434
1116 4514766 434
1115 4514145 434
1114 4513527 431
1113 4512904 436
1112 4512252 441
1111 4511611 439
1110 4510939 446
1109 4510330 399
1108 4509749 375
1107 4509133 440
1106 4508493 427
1105 4507835 416
1104 4507222 414
1103 4506582 421
1102 4505976 435
1101 4501068 4707
1100 4496861 4028
1099 4494569 2094
1098 4488747 5643
1097 4486625 1859
1096 4481522 4882
1095 4478255 3070
1094 4476383 1657
1093 4473073 3102
1092 4471535 1338
1091 4470950 391
1090 4467671 3084
1089 4458307 9147
1088 4457002 1126
1087 4451755 5076
1086 4446595 4963
1085 4443076 3336
1084 4439145 3761
1083 4436575 2382
1082 4435803 588
1081 4434077 1507
1080 4430630 3246
1079 4425098 5356
1078 4420441 4427
1077 4415084 5120
1076 4411577 3306
1075 4410184 1192
1074 4406813 3159
1073 4396877 9740
1072 4395770 919
1071 4385798 9751
1070 4378919 6651
1069 4377047 1665
1068 4372621 4223
1067 4360493 11940
1066 4358663 1623
1065 4357735 751
1064 4355965 1551
1063 4353740 1989
1062 4352956 594
1061 4352063 687
1060 4347341 4533
1059 4339950 7200
1058 4335547 4236
1057 4333018 2371
1056 4328749 4102
1055 4323267 5323
1054 4317856 5250
1053 4314553 3163
1052 4309773 4628
1051 4304750 4874
1050 4302138 2414
1049 4300409 1526
1048 4294956 5216
1047 4291936 2777
1046 4286013 5720
1045 4281852 3924
1044 4278172 3485
1043 4272832 5148
1042 4267524 5083
1041 4264855 2433
1040 4256130 8486
1039 4254220 1703
1038 4250145 3869
1037 4246842 3081
1036 4226351 20330
1035 4224061 2074
1034 4222329 1535
1033 4220028 2092
1032 4216214 3583
1031 4213448 2576
1030 4208952 4314
1029 4204855 3904
1028 4201732 2921
1027 4198162 3359
1026 4193589 4346
1025 4188897 4449
1024 4187613 1081
1023 4185316 2100
1022 4182587 2541
1021 4180276 2112
1020 4178338 1744
1019 4177093 1051
1018 4174142 2736
1017 4171480 2453
1016 4167315 3973
1015 4166534 565
1014 4165570 757
1013 4161143 4232
1012 4158688 2260
1011 4152616 5884
1010 4148742 3656
1009 4146872 1668
1008 4141344 5342
1007 4136653 4503
1006 4131096 5361
1005 4125930 4950
1004 4122797 2937
1003 4121754 854
1002 4121049 458
1001 4119491 1355
1000 4116391 2887
999 4115160 1044
998 4112734 2206
997 4112255 296
996 4110122 1952
995 4107801 2116
994 4105603 1977
993 4103409 1989
992 4101251 1968
991 4100632 444
990 4098985 1445
989 4096300 2490
988 4093980 2127
987 4091511 2257
986 4089672 1622
985 4089121 371
984 4076145 12754
983 4074463 1479
982 4073698 562
981 4072110 1383
980 4066428 5498
979 4065186 1055
978 4064403 584
977 4063546 654
976 4061338 2025
975 4058096 3060
974 4053141 4743
973 4048523 4404
972 4044554 3773
971 4044029 342
970 4042676 1160
969 4041358 1128
968 4040390 771
967 4037515 2673
966 4035623 1697
965 4032510 2947
964 4025100 7199
963 4024201 705
962 4022909 1105
961 4020871 1812
960 4016114 4536
959 4015445 470
958 4014278 990
957 4003235 10877
956 4001857 1230
955 3998253 3417
954 3996102 1958
953 3993783 2126
952 3991311 2287
951 3989937 1190
950 3985262 4454
949 3980012 5049
948 3967126 12711
947 3965208 1712
946 3961823 3213
945 3954462 7170
944 3952599 1661
943 3945568 6808
942 3943456 1934
941 3941891 1372
940 3938107 3593
939 3928532 9382
938 3924704 3665
937 3913774 10732
936 3910593 3003
935 3909221 1174
934 3906699 2318
933 3901516 4953
932 3899831 1432
931 3898423 1210
930 3897192 1012
929 3895929 1068
928 3891650 4080
927 3890176 1273
926 3888861 1134
925 3881191 7492
924 3878935 2059
923 3876616 2146
922 3872600 3826
921 3870862 1554
920 3868711 1968
919 3863719 4784
918 3858359 5170
917 3856991 1202
916 3855936 865
915 3854458 1294
914 3853393 895
913 3851667 1546
912 3849530 1952
911 3841152 8205
910 3837690 3281
909 3828152 9339
908 3824965 2964
907 3822320 2415
906 3820467 1639
905 3818448 1808
904 3808796 9452
903 3799857 8779
902 3777870 21843
901 3755032 22687
900 3710535 44357
899 3697318 13075
898 3676116 21051
897 3667647 8330
896 3654728 12754
895 3640681 13902
894 3631359 9171
893 3615205 16012
892 3603059 12000
891 3593788 9118
890 3586095 7553
889 3576173 9771
888 3573094 2882
887 3571570 1330
886 3571050 307
885 3566372 4462
884 3552637 13547
883 3550099 2340
882 3539840 10071
881 3534092 5556
880 3530204 3709
879 3521917 8090
878 3513762 7951
877 3511429 2142
876 3502490 8745
875 3495494 6813
874 3495289 2
873 3484600 10494
872 3476862 7553
871 3468037 8649
870 3461339 6489
869 3448310 12850
868 3446230 1886
867 3441855 4178
866 3437454 4194
865 3436261 991
864 3435553 535
863 3431269 4084
862 3415360 15725
861 3409797 5359
860 3406945 2642
859 3402725 4047
858 3389891 12652
857 3377624 12082
856 3374301 3138
855 3370468 3638
854 3366974 3300
853 3363076 3698
852 3358987 3901
851 3353191 5605
850 3346613 6378
849 3340513 5915
848 3333674 6642
847 3323769 9726
846 3313062 10519
845 3309363 3481
844 3304607 4577
843 3300802 3635
842 3299056 1558
841 3293956 4915
840 3287693 6089
839 3276744 10751
838 3272063 4465
837 3259227 12633
836 3249639 9388
835 3243277 6161
834 3238655 4441
833 3228893 9570
832 3220498 8192
831 3215366 4928
830 3211627 3542
829 3185832 25595
828 3181404 4231
827 3175067 6146
826 3163627 11255
825 3162290 1125
824 3155623 6467
823 3153994 1426
822 3152953 844
821 3152285 467
820 3149462 2632
819 3146066 3217
818 3138925 6947
817 3133856 4887
816 3129784 3887
815 3127106 2472
814 3122426 4483
813 3113871 8349
812 3105859 7815
811 3096701 8967
810 3094609 1885
809 3091161 3236
808 3089635 1317
807 3089107 340
806 3081776 7137
805 3078591 2973
804 3077770 636
803 3077289 296
802 3071816 5288
801 3058271 13331
800 3038776 19303
799 3027494 11097
798 3020123 7171
797 3011687 8242
796 3002943 8550
795 2986946 15806
794 2977704 9054
793 2966447 11075
792 2957379 8873
791 2956313 860
790 2955025 1091
789 2947630 7210
788 2944982 2441
787 2942593 2218
786 2941378 1041
785 2937870 3322
784 2933796 3861
783 2932898 697
782 2929346 3360
781 2925113 4023
780 2922555 2362
779 2921731 642
778 2921200 358
777 2916993 3994
776 2914750 2044
775 2912966 1559
774 2910863 1884
773 2906683 3970
772 2905263 1207
771 2902749 2319
770 2901688 888
769 2899445 2044
768 2897062 2136
767 2894782 2075
766 2893222 1379
765 2890690 2318
764 2889019 1453
763 2888301 550
762 2886883 1229
761 2885027 1661
760 2882753 2070
759 2881702 866
758 2879140 2351
757 2878336 631
756 2877237 902
755 2876726 328
754 2872931 3621
753 2869740 3016
752 2867952 1589
751 2864834 2932
750 2862886 1730
749 2860668 1987
748 2858745 1684
747 2856793 1736
746 2853435 3149
745 2852490 750
744 2851415 879
743 2849560 1650
742 2847998 1352
741 2845567 2218
740 2842663 2700
739 2841290 1178
738 2839548 1520
737 2837058 2265
736 2834567 2286
735 2833038 1306
734 2831242 1585
733 2830167 871
732 2828926 1043
731 2824895 3833
730 2821481 3222
729 2820661 647
728 2814250 6240
727 2810982 3088
726 2810115 694
725 2808503 1432
724 2807635 694
723 2801626 5838
722 2800398 1039
721 2794599 5622
720 2793811 608
719 2791505 2087
718 2786884 4423
717 2784563 2107
716 2783649 740
715 2780356 3110
714 2774481 5700
713 2771157 3132
712 2766869 4102
711 2764332 2351
710 2760713 3445
709 2759659 839
336 1287423 3490
335 1279455 7784
334 1276154 3107
333 1260881 15090
332 1258336 2355
331 1254881 3274
330 1253248 1446
329 1251689 1360
328 1250195 1307
327 1248781 1227
326 1246961 1624
325 1244644 2133
324 1242690 1730
323 1240700 1812
322 1237663 2869
321 1232159 5335
320 1222177 9762
319 1217242 4769
318 1216019 1051
317 1210041 5724
316 1202333 7533
315 1192303 9835
314 1186486 5647
313 1179984 6338
312 1177911 1891
311 1166214 11534
310 1157010 9035
309 1150804 6010
308 1143930 6710
307 1140841 2908
306 1138339 2321
305 1133104 5039
304 1131787 1139
303 1130691 903
302 1116095 14421
301 1114791 1126
300 1109481 5140
299 1107788 1506
298 1099484 8089
297 1097711 1598
296 1094705 2828
295 1093134 1369
294 1090753 2179
293 1086568 4001
292 1078437 7926
291 1074619 3608
290 1072589 1842
289 1066822 5547
288 1064907 1736
287 1062395 2320
286 1059825 2370
285 1059227 415
284 1058752 286
283 1058118 451
282 1056200 1731
281 1054425 1569
280 1053293 945
279 1050050 3065
278 1047258 2596
277 1046617 472
276 1041214 5228
275 1032705 8291
274 1025293 7218
273 1022812 2297
272 1020319 2291
271 1015762 4376
270 1009817 5752
269 1004590 5052
268 996595 7816
267 990215 6195
266 987562 2455
265 985133 2241
264 983052 1875
263 980593 2236
262 970992 9417
261 957608 13224
260 957174 240
259 953422 3559
258 949498 3730
257 947081 2224
256 943581 3325
255 941764 1636
254 939405 2173
253 936942 2242
252 935482 1285
251 934185 1107
250 933100 910
249 927913 4991
248 919348 8384
247 914279 4882
246 912129 1939
245 909666 2264
244 903297 6176
243 901646 1466
242 898242 3211
241 896733 1306
240 894142 2385
239 890377 3587
238 889442 770
237 886433 2812
236 884281 1959
235 881363 2719
234 880098 1069
233 877701 2204
232 868400 9123
231 866461 1746
230 862009 4265
229 859952 1856
228 853939 5811
227 845086 8662
226 843845 1057
225 838358 5327
224 834445 3713
223 826262 7996
222 819480 6601
221 814728 4562
220 812727 1786
219 811410 1106
218 805867 5328
217 797790 7887
216 796673 926
215 795888 607
214 794746 946
213 793604 937
212 792462 949
211 791320 943
210 790178 952
209 789036 940
208 787902 932
207 786760 958
206 785618 925
205 784067 1367
204 776908 6952
203 774475 2227
202 772561 1727
201 769819 2557
200 767145 2466
199 765663 1289
198 763690 1766
197 761940 1606
196 759341 2404
195 754424 4692
194 753030 1172
193 749006 3859
192 746839 1984
191 742781 3851
190 740959 1646
189 737684 3089
188 736010 1497
187 735069 761
186 734052 840
185 726677 7173
184 725197 1303
183 723170 1841
182 719390 3548
181 719009 168
180 716828 1951
179 713443 3201
178 709844 3434
177 699705 9913
176 691781 7699
175 685935 5669
174 680471 5243
173 678270 2015
172 674458 3635
171 661959 12303
170 656271 5483
169 648166 7924
168 646546 1411
167 643580 2786
78 274613 3175
77 268457 5976
76 264908 3384
75 255820 8920
74 253188 2406
73 251313 1716
72 241966 9179
71 239283 2497
70 237612 1515
69 233005 4433
68 231207 1621
67 229607 1429
66 228606 815
65 226974 1446
64 222239 4558
63 220967 1107
62 219064 1735
61 216182 2671
60 213662 2335
59 209060 4417
58 206040 2841
57 203739 2106
56 196773 6783
55 194083 2498
54 190448 3458
53 187994 2274
52 183228 4607
51 181590 1464
50 174306 7110
49 172070 2047
48 170430 1471
47 169586 667
46 168673 738
45 166205 2279
44 158107 7930
43 155599 2309
42 150105 5319
41 147688 2249
40 145832 1661
39 144906 761
38 143736 1015
37 138412 5150
16 63261 6249
15 56132 6953
14 54133 1785
13 52084 1857
12 48679 3197
11 39655 8822
10 35981 3506
9 31493 4318
8 20236 11047
7 19727 354
2 3678 1796
1 0 3483
3 5675 2995
4 8888 2666
5 11746 7386
6 19320 252
17 69723 3499
18 73411 2045
19 75655 14754
20 90622 6216
21 97034 1124
22 98360 1762
23 100333 2767
24 103268 2411
25 105850 1969
26 107984 1424
27 109570 567
28 110308 1226
29 111696 546
30 112428 197
31 112812 3768
32 116797 2879
33 119857 3976
34 124019 7440
35 131624 5261
36 137059 1166
79 277980 2783
80 280934 7688
81 288814 1546
82 290546 2000
83 292745 1432
84 294390 805
85 295351 2194
86 297737 1495
87 299414 1583
88 301193 14905
89 316270 7229
90 323655 2979
91 326796 1507
92 328469 1244
93 329878 7521
94 337564 1819
95 339554 1932
96 341666 1575
97 343448 1525
98 345132 1913
99 347207 990
100 348362 6491
101 355069 8024
102 363282 3484
103 366991 4845
104 372005 3273
105 375499 1696
106 377381 802
107 378366 1236
108 379770 977
109 380933 1912
110 383025 1106
111 384317 1539
112 386048 1621
113 387849 1992
114 390024 1614
115 391821 7438
116 399481 18185
117 417829 3647
118 421701 4148
119 426105 3141
120 429444 3359
121 432986 10326
122 443492 3803
123 447550 1032
124 448762 704
125 449649 1325
126 451148 783
127 452108 1782
128 454076 4265
129 458533 1430
130 460158 6056
131 466395 7485
132 474088 1792
133 476076 3797
134 480074 2452
135 482742 4571
136 487508 8657
137 496351 4789
138 501323 7782
139 509293 4570
140 514073 9797
141 524107 2026
142 526314 1438
143 527926 1913
144 530022 1679
145 531893 2225
146 534325 2715
147 537215 2393
148 539793 13101
149 553090 2280
150 555575 2076
151 557831 2327
152 560341 2850
153 563423 1397
154 565006 9949
155 575162 9441
156 584810 4500
157 589526 6793
158 596522 3443
159 600178 3182
160 603601 2642
161 606444 5679
162 612318 2879
163 615398 5681
164 621253 4565
165 626022 13560
166 639753 3644
337 1291097 3242
338 1294521 5896
339 1300671 2330
340 1303221 3506
341 1306905 2532
342 1309660 9145
343 1319021 1200
344 1320399 1748
345 1322325 4781
346 1327296 1148
347 1328692 1435
348 1330384 1637
349 1332214 2637
350 1335084 7987
351 1343247 7339
352 1350761 3228
353 1354246 9526
354 1363991 1437
355 1365630 763
356 1366576 1464
357 1368225 3949
358 1372352 3596
359 1376108 843
360 1377127 14904
361 1392214 3949
362 1396341 6341
363 1402845 3285
364 1406326 3265
365 1409818 1026
366 1411028 4621
367 1415815 566
368 1416571 294
369 1417064 7537
370 1424849 2615
371 1427702 3445
372 1431325 2491
373 1434054 981
374 1435261 788
375 1436248 1973
376 1438387 11687
377 1450244 5181
378 1455595 5724
379 1461489 1588
380 1463249 874
381 1464293 22334
382 1486958 1326
383 1488459 6458
384 1495074 6233
385 1501482 9382
386 1511054 1461
387 1512678 3613
388 1516448 1898
389 1518542 1778
390 1520508 2931
391 1523639 2266
392 1526087 7574
393 1533871 2455
394 1536532 1809
395 1538544 5975
396 1544759 4052
397 1549002 4154
398 1553365 3618
399 1557197 6693
400 1564082 3403
401 1567684 3070
402 1570966 4424
403 1575588 5067
404 1580852 4232
405 1585293 3250
406 1588710 3940
407 1592829 955
408 1593966 7775
409 1601911 4351
410 1606480 4169
411 1610867 4163
412 1615239 3895
413 1619323 5377
414 1624885 7595
415 1632681 2134
416 1635025 1943
417 1637150 2760
418 1640098 2741
419 1643040 4397
420 1647652 5208
421 1653079 2969
422 1656245 3859
423 1660331 5246
424 1665789 4469
425 1670469 4921
426 1675585 2303
427 1678073 2522
428 1680799 2747
429 1683765 8066
430 1692025 1016
431 1693251 580
432 1694019 16
433 1694220 3936
434 1698366 3147
435 1701708 1327
436 1703250 9735
437 1713197 2853
438 1716263 8558
439 1725016 3767
440 1728977 5049
441 1734220 4724
442 1739150 8379
443 1747732 4603
444 1752527 3732
445 1756445 351
446 1756964 4505
447 1761648 4177
448 1766040 3611
449 1769852 5625
450 1775675 7009
451 1782890 6285
452 1789357 2398
453 1791928 3185
454 1795286 783
455 1796251 22742
456 1819160 18400
457 1837739 2402
458 1840320 8313
459 1848795 1459
460 1850439 2204
461 1852831 6952
462 1859965 3143
463 1863302 10816
464 1874314 2694
465 1877187 3335
466 1880696 3013
467 1883916 4637
468 1888750 7063
469 1896013 6719
470 1902914 6029
471 1909104 875
472 1910176 2573
473 1912959 3228
474 1916403 847
475 1917447 2226
476 1919882 1390
477 1921433 6147
478 1927775 13441
479 1941398 1894
480 1943493 12745
481 1956444 6310
482 1962912 2697
483 1965788 4851
484 1970818 1744
485 1972779 8867
486 1981822 6362
487 1988384 2299
488 1990862 6259
489 1997306 6138
490 2003660 3393
491 2007242 6675
492 2014101 10019
493 2024282 1979
494 2026459 3479
495 2030133 2140
496 2032468 3494
497 2036175 2748
498 2039121 3579
499 2042894 1418
500 2044515 9948
501 2054653 1954
502 2056796 4778
503 2061782 2212
504 2064201 1336
505 2065714 7746
506 2073671 6604
507 2080465 4275
508 2084917 9410
509 2094534 6244
510 2100946 5547
511 2106683 2676
512 2109560 5482
513 2115242 10272
514 2125692 4125
515 2130007 5975
516 2136172 4448
517 2140811 2105
518 2143087 3227
519 2146518 8681
520 2155424 1607
521 2157231 5546
522 2162973 3850
523 2167022 3883
524 2171076 2416
525 2173688 167
526 2174056 1654
527 2175913 7206
528 2183317 4255
529 2187767 2235
530 2190197 1561
531 2191941 2871
532 2195029 3338
533 2198556 2595
534 2201349 5051
535 2206589 1011
536 2207766 969
537 2208929 2936
538 2212044 7441
539 2219666 7460
540 2227321 1020
541 2228511 5859
542 2234548 1508
543 2236241 2150
544 2238571 4655
545 2243410 1541
546 2245134 3161
547 2248492 1723
548 2250420 956
549 2251592 2453
550 2254234 465
551 2254905 2596
552 2257706 5007
553 2262917 1
554 2263104 1468
555 2264761 2661
556 2267596 3967
557 2271759 1072
558 2273011 926
559 2274123 1434
560 2275742 998
561 2276925 1474
562 2278588 629
563 2279413 680
564 2280279 3635
565 2284107 636
566 2284938 2944
567 2288053 7674
568 2295899 2353
569 2298447 1311
570 2299954 2967
571 2303116 967
572 2304275 2499
573 2306975 2150
574 2309327 1167
575 2310674 853
576 2311704 3477
577 2315377 2868
578 2318450 1282
579 2319915 8134
580 2328269 1269
581 2329733 1871
582 2331790 786
583 2332747 1508
584 2334414 1430
585 2336040 741
586 2336955 2254
587 2339383 9457
588 2349030 3749
589 2352990 1796
590 2354984 2934
591 2358098 6114
592 2364415 799
593 2365396 6456
594 2372034 744
595 2372969 962
596 2374114 607
597 2374900 6101
598 2381210 2626
599 2384052 4861
600 2389128 8900
601 2398195 7163
602 2405547 1655
603 2407376 5327
604 2412864 3425
605 2416462 1334
606 2417969 444
607 2418608 3090
608 2421890 8989
609 2431058 2698
610 2433935 2016
611 2436150 5551
612 2441862 1107
613 2443160 4200
614 2447570 505
615 2448260 2375
616 2450811 1348
617 2452347 945
618 2453480 2342
619 2455995 4185
620 2460354 2690
621 2463278 5204
622 2468707 5648
623 2474570 4264
624 2479032 2571
625 2481791 1880
626 2483856 886
627 2484923 625
628 2485728 2436
629 2488364 5563
630 2494144 772
631 2495089 1625
632 2496894 1547
633 2498626 7282
634 2506096 1019
635 2507300 2024
636 2509524 2217
637 2511953 1196
638 2513344 416
639 2513924 4791
640 2518925 5927
641 2525044 11398
642 2536665 1027
643 2537880 2167
644 2540220 844
645 2541247 1077
646 2542509 2012
647 2544689 2650
648 2547507 4987
649 2552691 2234
650 2555129 2799
651 2558149 19861
652 2578226 2599
653 2581072 1433
654 2582682 2068
655 2584926 1589
656 2586687 1297
657 2588145 7172
658 2595493 4384
659 2600093 12380
660 2612681 2216
661 2615091 1644
662 2616911 1264
663 2618354 2902
664 2621460 1146
665 2622836 3658
666 2626714 935
667 2627815 955
668 2628943 1137
669 2630277 2192
670 2632660 1772
671 2634617 2185
672 2636975 3278
673 2640438 2
674 2640635 789
675 2641603 7107
676 2648920 5034
677 2654127 6382
678 2660694 4236
679 2665125 3485
680 2668821 2547
681 2671568 30747
682 2702488 3722
683 2706447 5105
684 2711731 2669
685 2714573 1731
686 2716535 4516
687 2721275 1033
688 2722498 2352
689 2725057 2606
690 2727865 2478
691 2730562 1043
692 2731803 857
693 2732900 657
694 2733752 741
695 2734724 777
696 2735711 2144
697 2738062 1537
698 2739797 928
699 2740941 687
700 2741835 915
701 2742960 1133
702 2744309 774
703 2745299 1737
704 2747240 2425
705 2749857 1063
706 2751124 2528
707 2753858 2588
708 2756668 2766
1493 4866848 1039
1494 4868061 1309
1495 4869573 172
1496 4869922 2016
1497 4872113 1560
1498 4873847 2734
1499 4876785 1041
1500 4877997 1763
1501 4879949 742
1502 4880863 1685
1503 4882723 2749
1504 4885682 6697
1505 4892560 2449
1506 4895213 1333
1507 4896768 1533
1508 4898528 1493
1509 4900225 790
1510 4901177 8768
1511 4910128 5405
1512 4915730 5465
1513 4921390 5309
1514 4926867 6557
1515 4933601 1839
1516 4935666 19227
1517 4955114 7461
1518 4962786 1625
1519 4964597 1039
1520 4965826 2810
1521 4968853 1648
1522 4970702 2504
1523 4973386 3986
1524 4977552 1203
1525 4978956 379
1526 4979542 6358
1527 4986105 2213
1528 4988512 1620
1529 4990332 3149
1530 4993670 1658
1531 4995550 13582
1532 5009300 374
1533 5009833 1424
1534 5011464 2805
1535 5014486 2160
1536 5016845 2661
1537 5019668 18165
1538 5038033 292
1539 5038500 2983
1540 5041658 1925
1541 5043764 10013
1542 5053953 941
1543 5055075 1124
1544 5056413 4992
1545 5061590 2314
1546 5064118 6469
1547 5070768 7618
1548 5078589 1215
1549 5080002 1578
1550 5081769 2046
1551 5084010 3221
1552 5087419 1747
1553 5089372 1887
1554 5091469 5848
1555 5097513 1848
1556 5099584 1280
1557 5101036 924
1558 5102138 3007
1559 5105311 6140
1560 5111621 1819
1561 5113600 2218
1562 5115987 2426
1563 5118591 2408
1564 5121199 3428
1565 5124797 1206
1566 5126205 8329
1567 5134696 3733
1568 5138601 1294
1569 5140076 10263
1570 5150517 3917
1571 5154612 7022
1572 5161810 9836
1573 5171841 3191
1574 5175196 6322
1575 5181687 4180
1576 5186055 4488
1577 5190712 2811
1578 5193701 1132
1579 5195017 2860
1580 5198086 1771
1581 5200038 1467
1582 5201703 1521
1583 5203414 3144
1584 5206763 1831
1585 5208823 1910
1586 5210948 770
1587 5211927 1704
1588 5213816 3737
1589 5217769 1980
1590 5219963 5182
1591 5225357 1560
1592 5227097 1703
1593 5228989 2356
1594 5231529 1979
1595 5233719 2184
1596 5236094 1973
1597 5238276 1608
1598 5240065 2201
1599 5242444 5809
1600 5248458 4781
1601 5253408 1461
1602 5255032 13484
1603 5268703 5169
1604 5274071 791
1605 5275043 14318
1606 5289544 1684
1607 5291394 1428
1608 5292995 925
1609 5294086 1338
1610 5295599 1593
1611 5297359 5889
1612 5303433 2811
1613 5306417 2897
1614 5309491 2192
1615 5311873 1772
1616 5313823 2677
1617 5316669 5254
1618 5322068 15189
1619 5337456 7078
1620 5344691 3200
1621 5348042 3085
1622 5351272 2364
1623 5353808 2769
1624 5356764 1124
1625 5358102 2060
1626 5360395 5052
1627 5365664 1389
1628 5367271 1106
1629 5368563 1480
1630 5370263 1768
1631 5372249 1861
1632 5374309 2390
1633 5376908 1819
1634 5378932 1310
1635 5380423 1300
1636 5381908 1199
1637 5383298 2269
1638 5385784 4881
1639 5390888 9552
1640 5400677 1424
1641 5402327 558
1642 5403066 560
1643 5403790 2724
1644 5406708 1677
1645 5408576 2109
1646 5410885 2964
1647 5414065 2692
1648 5416955 2742
1649 5419908 2847
1650 5422913 2223
1651 5425348 2295
1652 5427814 2353
1653 5430349 658
1654 5431200 1394
1655 5432793 5639
1656 5438620 2401
1657 5441195 1087
1658 5442480 1831
1659 5444522 1360
1660 5446099 2691
1661 5448994 5597
1662 5454794 1034
1663 5455986 2639
1664 5458805 1677
1665 5460646 1061
1666 5461880 947
1667 5462998 1614
1668 5464773 5786
1669 5470762 1613
1670 5472561 3258
1671 5475998 1428
1672 5477590 455
1673 5478200 2513
1674 5480901 720
1675 5481797 5584
1676 5487555 5029
1677 5492763 1440
1678 5494373 585
1679 5495134 623
1680 5495924 2306
1681 5498406 5629
1682 5504203 3535
1683 5507939 3642
1684 5511786 3627
1685 5515603 3564
1686 5519357 3603
1687 5523150 3621
1688 5526961 3504
1689 5530654 434
1690 5531280 5606
1691 5537097 506
1692 5537779 2584
1693 5540581 2691
1694 5543446 923
1695 5544536 1103
1696 5545809 7420
1697 5553387 1309
1698 5554869 2109
1699 5557163 1881
1700 5559257 1264
1701 5560712 811
1702 5561693 1502
1703 5563393 2423
1704 5566013 1724
1705 5567920 16830
1706 5584958 1368
1707 5586502 4642
1708 5591347 1933
1709 5593453 2628
1710 5596270 6106
1711 5602547 345
1712 5603078 3841
1713 5607109 1832
1714 5609148 1015
1715 5610358 4458
1716 5615014 652
1717 5615865 1935
1718 5617980 1719
1719 5619873 3979
1720 5624053 4512
1721 5628746 9023
1722 5637981 3949
1723 5642109 2528
1724 5644813 635
1725 5645655 603
1726 5646462 731
1727 5647368 870
1728 5648418 5460
1729 5654082 2377
1730 5656630 8383
1731 5665208 7221
1732 5672609 2238
1733 5675024 1297
1734 5676483 1438
1735 5678122 2484
1736 5680794 2349
1737 5683374 2038
1738 5685625 2855
1739 5688687 1876
1740 5690755 2787
1741 5693741 6744
1742 5700695 6143
1743 5707055 6712
1744 5713947 6594
1745 5720718 3718
1746 5724661 7950
1747 5732785 7557
1748 5740570 2910
1749 5743685 1608
1750 5745483 2802
1751 5748465 1413
1752 5750079 2829
1753 5753103 3255
1754 5756538 1660
1755 5758397 1319
1756 5759923 4596
1757 5764693 1551
1758 5766436 1331
1759 5767953 2289
1760 5770416 3391
1761 5774030 1876
1762 5776092 1265
1763 5777549 2641
1764 5780359 7612
1765 5788175 3172
1766 5791506 3452
1767 5795130 8681
1768 5804003 3531
1769 5807735 2628
1770 5810558 2008
1771 5812758 3358
1772 5816324 3313
1773 5819817 1880
1774 5821886 1412
1775 5823484 1588
1776 5825276 6154
1777 5831634 3002
1778 5834831 2029
1779 5837064 1660
1780 5838922 3195
1781 5842342 5312
1782 5847844 1794
1783 5849847 3941
1784 5853995 2516
1785 5856707 3559
1786 5860462 1545
1787 5862206 1346
1788 5863741 1336
1789 5865285 1424
1790 5866901 3445
1791 5870547 2521
1792 5873278 3739
1793 5877236 2168
1794 5879613 2187
1795 5882004 2388
1796 5884589 2169
1797 5886957 2340
1798 5889487 23072
1799 5912736 3027
1800 5915946 3417
1801 5919558 6113
1802 5925872 2882
1803 5928955 3108
1804 5932246 3209
1805 5935650 5054
1806 5940881 1411
1807 5942487 2376
1808 5945070 3218
1809 5948483 2237
1810 5950927 886
1811 5951999 2129
1812 5954354 4877
1813 5959429 4006
1814 5963648 2815
1815 5966658 3589
1816 5970427 2430
1817 5973058 5181
1818 5978470 2341
1819 5980989 3607
1820 5984770 926
1821 5985861 5143
1822 5991167 1257
1823 5992601 1041
1824 5993807 1841
1825 5995843 7258
1826 6003278 3138
1827 6006599 2355
1828 6009128 8338
1829 6017624 4033
1830 6021839 3026
1831 6025055 12682
1832 6037903 4381
1833 6042468 2193
1834 6044830 2215
1835 6047248 440
1836 6047898 1198
1837 6049265 9859
1838 6059338 21574
1839 6081090 677
1840 6081952 3320
1841 6085456 3665
1842 6089281 1226
1843 6090694 876
1844 6091752 5535
1845 6097502 1007
1846 6098705 726
1847 6099606 10633
1848 6110417 1188
1849 6111763 17512
1850 6129479 9274
1851 6138943 2670
1852 6141777 3783
1853 6145738 1183
1854 6147084 4405
1855 6151673 5750
1856 6157619 884
1857 6158669 704
1858 6159537 2062
1859 6161829 7992
1860 6169985 3042
1861 6173230 1665
1862 6175062 369
1863 6175582 1351
1864 6177120 2036
1865 6179386 3620
1866 6183184 5746
1867 6189108 1142
1868 6190428 2955
1869 6193586 1030
1870 6194816 1111
1871 6196120 896
1872 6197214 5320
1873 6202740 755
1874 6203660 4191
1875 6208014 176
1876 6208347 8660
1877 6217212 3384
1878 6220792 1421
1879 6222388 1146
1880 6223716 6192
1881 6230101 3893
1882 6234163 1071
1883 6235403 2746
1884 6238336 2474
1885 6240982 1575
1886 6242751 3876
1887 6246851 12631
1888 6259657 1217
1889 6261121 3837
1890 6265140 3388
1891 6268709 1179
1892 6270063 904
1893 6271140 3778
1894 6275088 6665
1895 6281950 12753
1896 6294878 1392
1897 6296451 1287
1898 6297958 1225
1899 6299400 2221
1900 6301820 1941
1901 6303967 1579
1902 6305703 1575
1903 6307456 969
1904 6308600 1462
1905 6310225 616
1906 6311019 6834
1907 6318029 7936
1908 6326146 1297
1909 6327612 903
1910 6328684 4493
1911 6333340 2233
1912 6335751 988
1913 6336905 6254
1914 6343328 1565
1915 6345087 7299
1916 6352627 1975
1917 6354781 6184
1918 6361158 3772
1919 6365138 1202
1920 6366518 8124
1921 6374838 6648
1922 6381719 9350
1923 6391235 3424
1924 6394864 1980
1925 6397076 3182
1926 6400454 4557
1927 6405169 1472
1928 6406837 2507
1929 6409528 554
1930 6410251 5704
1931 6416199 3121
1932 6419523 8751
1933 6428464 3831
1934 6432477 1808
1935 6434516 3213
1936 6437936 7387
1937 6445522 2413
1938 6448152 2548
1939 6450879 9464
1940 6460537 19154
1941 6479872 2918
1942 6482978 2559
1943 6485721 5165
1944 6491087 2057
1945 6493338 4050
1946 6497595 6398
1947 6504181 779
1948 6505141 4700
1949 6510020 8099
1950 6518298 5164
1951 6523643 6481
1952 6530319 714
1953 6531239 3601
1954 6535024 2747
1955 6537973 3386
1956 6541557 2362
1957 6544097 3521
1958 6547797 4499
1959 6552483 9448
1960 6562113 9442
1961 6571750 11340
1962 6583279 1982
1963 6585432 4586
1964 6590228 2832
1965 6593246 1444
1966 6594894 5574
1967 6600680 1817
1968 6602711 1727
1969 6604634 8191
1970 6613026 8610
1971 6621821 2568
1972 6624579 4297
1973 6629072 2951
1974 6632220 1735
1975 6634164 10445
1976 6644813 6055
1977 6651095 4707
1978 6655978 5111
1979 6661284 1127
1980 6662604 1657
1981 6664460 3400
1982 6668065 2
1983 6668261 3504
1984 6671965 2336
1985 6674498 7501
1986 6682186 6787
1987 6689191 6278
1988 6695679 8599
1989 6704481 2947
1990 6707634 2633
1991 6710447 1638
1992 6712293 6869
1993 6719356 3241
1994 6722770 2481
1995 6725423 1008
1996 6726588 11439
1997 6738227 10643
1998 6749070 9702
1999 6758974 6764
2000 6765913 8774
2001 6774852 2111
2002 6777147 360
2003 6777669 2607
2004 6780446 458
2005 6781071 6170
2006 6787446 4106
2007 6791748 2137
2008 6794072 9000
2009 6803267 6349
2010 6809790 1370
2011 6811354 7230
2012 6818770 2562
2013 6821505 7514
2014 6829191 4276
2015 6833668 2741
2016 6836610 6115
2017 6842922 9053
2018 6852178 2787
2019 6855154 4208
2020 6859542 3697
2021 6863442 1514
2022 6865160 6341
2023 6871680 5280
2024 6877157 5058
2025 6882393 7843
2026 6890425 1664
2027 6892265 2654
2028 6895087 3530
2029 6898838 1415
2030 6900484 2472
2031 6903180 2470
2032 6905857 287
2033 6906366 3917
2034 6910511 5872
2035 6916578 1515
2036 6918311 3345
2037 6921899 2224
2038 6924349 5809
2039 6930367 5598
2040 6936142 7567
2041 6943903 4740
2042 6948837 744
2043 6949739 1116
2044 6951007 1858
2045 6953035 3863
2046 6957095 3267
2047 6960584 409
2048 6961185 3833
2049 6965239 2723
2050 6968144 2666
2051 6970992 3321
2052 6974492 5425
2053 6980099 4462
2054 6984741 4898
2055 6989830 2511
2056 6992532 8996
2057 7001695 9231
2058 7011096 5333
2059 7016639 1797
2060 7018657 7168
2061 7026007 1761
2062 7027996 3297
2063 7031479 3541
2064 7035208 2423
2065 7037811 8155
2066 7046172 1118
2067 7047475 1700
2068 7049354 2910
2069 7052437 4368
2070 7056992 1798
2071 7059012 1008
2072 7060208 1021
2073 7061424 5089
2074 7066708 2611
2075 7069486 3817
2076 7073497 939
2077 7074630 1840
2078 7076649 1949
2079 7078790 1124
2080 7080124 2605
2081 7083013 1404
2082 7084594 7134
2083 7091910 5119
2084 7097203 542
2085 7097937 325
2086 7098466 682
2087 7099324 462
2088 7099993 348
2089 7100523 372
2090 7101091 1143
2091 7102429 3327
2092 7105950 3515
2093 7109686 287
2094 7110195 1872
2095 7112277 1129
2096 7113612 3171
2097 7117005 6056
2098 7123252 3086
2099 7126517 5133
2100 7131838 2834
2101 7134845 3626
2102 7138653 3107
2103 7141940 2862
2104 7144976 1898
2105 7147074 1744
2106 7149006 3021
2107 7152201 3613
2108 7155975 2
2109 7156183 1717
2110 7158122 1998
2111 7160291 3613
2112 7164097 3635
2113 7167894 3431
2114 7171513 10982
2115 7182662 9883
2116 7192734 1862
2117 7194782 3630
2118 7198603 3233
2119 7202048 4039
2120 7206263 1313
2121 7207777 1286
2122 7209232 2174
2123 7211582 1768
2124 7213529 2911
2125 7216628 2582
2126 7219386 1685
2127 7221302 2176
2128 7223687 3034
2129 7226915 3549
2130 7230646 4015
2131 7234890 3425
2132 7238491 14422
2133 7253092 2869
2134 7256140 4622
2135 7260956 3917
2136 7265055 2441
2137 7267672 2524
2138 7270392 3366
2139 7273958 3265
2140 7277422 19552
2141 7297213 3815
2142 7301207 1060
2143 7302455 3986
2144 7306623 3488
2145 7310293 5152
2146 7315636 4124
2147 7319951 3575
2148 7323740 4167
2149 7328107 2882
2150 7331171 1495
2151 7332855 4129
2152 7337154 3537
2153 7340885 3781
2154 7344877 3949
2155 7349031 3336
2156 7352569 3444
2157 7356207 3601
2158 7360007 3773
2159 7364006 3261
2160 7367472 4111
2161 7371777 10258
2162 7382283 3564
2163 7386041 4540
2164 7390755 3310
2165 7394253 3822
2166 7398269 4589
2167 7403040 3977
2168 7407220 3749
2169 7411166 3294
2170 7414639 2626
2171 7417479 2882
2172 7420564 2924
2173 7423691 3859
2174 7427747 3074
2175 7431009 19115
2176 7450360 4158
2177 7454709 3214
2178 7458111 1360
2179 7459659 3247
2180 7463107 3309
2181 7466617 19273
2182 7486153 4486
2183 7490821 1326
2184 7492326 3223
2185 7495734 4655
2186 7500577 3953
2187 7504718 3158
2188 7508055 1033
2189 7509276 3250
2190 7512724 5249
2191 7518164 3578
2192 7521934 4863
2193 7526994 2978
2194 7530160 3077
2195 7533444 3434
2196 7537077 3532
2197 7540802 3269
2198 7544277 2535
2199 7547008 3040
2200 7550241 3436
2201 7553882 2991
2202 7557072 3342
2203 7560617 18698
2204 7579551 4308
2205 7584062 3582
2206 7587838 3383
2207 7591454 1404
2208 7593043 4136
2209 7597367 1048
2210 7598600 748
2211 7599527 2747
2212 7602482 3890
2213 7606548 3362
2214 7610092 2652
2215 7612935 3323
2216 7616458 2423
2217 7619065 913
2218 7620169 4035
2219 7624386 19573
2220 7644195 3640
2221 7648017 4620
2222 7652834 3127
2223 7656158 4605
2224 7660968 3130
2225 7664278 3127
2226 7667548 3451
2227 7671190 4144
2228 7675508 5255
2229 7680970 2823
2230 7683988 2548
2231 7686738 3541
2232 7690481 1929
2233 7692606 3846
2234 7696615 12981
2235 7709755 2308
2236 7712271 1719
2237 7714191 3437
2238 7717815 3640
2239 7721682 3653
2240 7725559 1727
2241 7727457 5254
2242 7732897 6680
2243 7739775 2309
2244 7742285 4404
2245 7746869 6795
2246 7753847 1323
2247 7755352 2306
2248 7757838 2492
2249 7760513 659
2250 7761329 5172
2251 7766692 50
2252 7766963 646
2253 7767803 3396
2254 7771382 5744
2255 7777310 1070
2256 7778550 1217
2257 7779937 3509
2258 7783626 4411
2259 7788211 2191
2260 7790600 2011
2261 7792805 3605
2262 7796584 3893
2263 7800647 770
2264 7801578 2775
2265 7804518 968
2266 7805660 1611
2267 7807446 1792
2268 7809451 2946
2269 7812580 6933
2270 7819726 8411
2271 7828341 3783
2272 7832310 3798
2273 7836310 4434
2274 7840940 3726
2275 7844846 4435
2276 7849479 968
2277 7850639 4039
2278 7854858 2534
2279 7857569 1546
2280 7859288 910
2281 7860369 3863
2282 7864412 3672
2283 7868291 2667
2284 7871184 1108
2285 7872477 2988
2286 7875646 7468
2287 7883340 18908
2288 7902417 2023
2289 7904617 3600
2290 7908405 1485
2291 7910055 4070
2292 7914311 4947
2293 7919435 8640
2294 7928292 2959
2295 7931439 13224
2296 7944819 3559
2297 7948567 2
2298 7948755 6195
2299 7955133 8532
2300 7963847 5585
2301 7969618 1990
2302 7971788 4798
2303 7976766 1060
2304 7977983 3704
2305 7981850 6179
2306 7988218 1484
2307 7989886 3254
2308 7993329 2623
2309 7996138 6146
2310 8002434 5228
2311 8007833 1630
2312 8009643 6550
2313 8016401 3484
2314 8020078 10234
2315 8030516 6797
2316 8037500 4393
2317 8042066 3345
2318 8045594 6291
2319 8052050 9471
2320 8061692 1415
2321 8063288 2604
2322 8066069 2230
2323 8068473 4379
2324 8073036 8544
2325 8081753 1408
2326 8083342 4625
2327 8088161 4813
2328 8093153 6330
2329 8099690 4520
2330 8104404 4003
2331 8108636 3424
2332 8112236 2868
2333 8115283 3916
2334 8119381 8469
2335 8128023 3866
2336 8132056 7362
2337 8139585 38386
2338 8178150 5249
2339 8183587 17663
2340 8201456 5117
2341 8206744 2560
2342 8209510 10356
2343 8220048 3592
2344 8223828 4522
2345 8228553 5231
2346 8233958 4659
2347 8238781 5043
2348 8244024 6517
2349 8250747 6318
2350 8257229 4482
2351 8261905 3962
2352 8266052 8777
2353 8275002 8235
2354 8283404 5310
2355 8288884 4102
2356 8293153 7256
2357 8300594 7728
2358 8308496 5472
2359 8314141 5176
2360 8319496 4271
2361 8323958 4775
2362 8328915 4124
2363 8333230 4167
2364 8337597 5152
2365 8342940 1066
2366 8344194 3827
2367 8348200 19630
2368 8368069 3512
2369 8371775 6151
2370 8378105 4501
2371 8382780 2597
2372 8385591 3281
2373 8389069 3714
2374 8392980 3277
2375 8396445 4080
2376 8400719 11734
2377 8412632 4067
2378 8416873 8031
2379 8425089 7684
2380 8432949 7827
2381 8440949 7119
2382 8448256 1429
2383 8449882 5058
2384 8455131 16257
2385 8471577 4429
2386 8476182 9267
2387 8485628 5130
2388 8490934 3991
2389 8495128 4601
2390 8499911 3834
2391 8503939 10258
2392 8514445 5303
2393 8519997 3922
2394 8524107 2972
2395 8527267 3551
2396 8531010 3736
2397 8534928 3131
2398 8538238 3217
2399 8541653 18249
2400 8560081 4617
2401 8564886 5191
2402 8570247 3222
2403 8573643 11298
2404 8585115 7683
2405 8592989 19273
2406 8612525 5261
2407 8617977 1039
2408 8619204 1930
2409 8621328 2659
2410 8624196 3442
2411 8627859 19115
2412 8647210 19585
2413 8666984 4158
2414 8671333 4112
2415 8675628 3327
2416 8679147 12374
2417 8691709 6614
2418 8698491 25584
2419 8724275 11037
2420 8735500 6907
2421 8742592 1360
2422 8744140 5772
2423 8750085 6164
2424 8756434 23397
2425 8780022 1379
2426 8781586 2616
2427 8784393 1294
2428 8785867 3079
2429 8789126 988
2430 8790324 1576
2431 8792098 4359
2432 8796649 882
2433 8797726 3996
2434 8801944 1632
2435 8803765 1929
2436 8805908 4773
2437 8810861 2437
2438 8813488 2405
2439 8816085 142
2440 8816442 1328
2441 8817965 1307
2442 8819461 1939
2443 8821646 1300
2444 8823135 905
2445 8824212 2372
2446 8826875 807
2447 8827886 142
2448 8828211 4360
2449 8832784 1081
2450 8834064 712
2451 8834953 3733
2452 8838867 1153
2453 8840203 2950
2454 8843327 2427
2455 8845946 330
2456 8846478 1084
2457 8847763 1024
2458 8848997 2302
2459 8851491 1016
2460 8852684 7959
2461 8860829 391
2462 8861415 1136
2463 8862746 7216
2464 8870157 3693
2465 8874021 3525
2466 8877732 3279
2467 8881195 6804
2468 8888200 4750
2469 8893118 1467
2470 8894774 1389
2471 8896364 1859
2472 8898397 1146
2473 8899735 334
2474 8900237 1149
2475 8901588 2113
2476 8903881 4313
2477 8908369 1346
2478 8909903 11335
2479 8921457 1860
2480 8923506 635
2481 8924318 731
2482 8925232 863
2483 8926287 1625
2484 8928107 515
2485 8928818 11353
2486 8940385 1592
2487 8942163 2780
2488 8945123 3558
2489 8948864 759
2490 8949809 2025
2491 8952014 1038
2492 8953238 4548
2493 8957996 108
2494 8958302 6838
2495 8965353 828
2496 8966391 1591
2497 8968168 2364
2498 8970730 1275
2499 8972210 1043
2500 8973451 6510
2501 8980126 3306
2502 8983661 801
2503 8984663 3332
2504 8988193 1471
2505 8989841 2805
2506 8992832 1129
2507 8994147 303
2508 8994651 579
2509 8995422 4664
2510 9000254 1043
2511 9001483 6262
2512 9007925 2516
2513 9010612 238
2514 9011051 4040
2515 9015289 311
2516 9015805 1311
2517 9017287 1935
2518 9019408 2610
2519 9022199 2981
2520 9025370 1182
2521 9026741 1340
2522 9028270 948
2523 9029401 1258
2524 9030847 2117
2525 9033192 391
2526 9033778 1066
2527 9035074 5326
2528 9040592 1013
2529 9041833 1748
2530 9043790 2475
2531 9046455 2189
2532 9048876 1014
2533 9050093 931
2534 9051233 6620
2535 9058054 2957
2536 9061224 2405
2537 9063821 5045
2538 9069066 1734
2539 9070984 2382
2540 9073557 4568
2541 9078335 4535
2542 9083066 4302
2543 9087556 2899
2544 9090647 7516
2545 9098345 5628
2546 9104161 3323
2547 9107693 3162
2548 9111040 2173
2549 9113409 3297
2550 9116907 1987
2551 9119085 1858
2552 9121128 9028
2553 9130320 5231
2554 9135733 7327
2555 9143262 5256
2556 9148707 4705
2557 9153570 8060
2558 9161841 11721
2559 9173797 6148
2560 9180133 1249
2561 9181570 1683
2562 9183432 816
2563 9184412 5116
2564 9189716 2762
2565 9192673 499
2566 9193348 4016
2567 9197543 644
2568 9198363 2980
2569 9201516 548
2570 9202254 746
2571 9203179 4039
2572 9207412 3469
2573 9211087 1104
2574 9212367 1639
2575 9214179 977
2576 9215332 1462
2577 9216973 709
2578 9217856 2341
2579 9220359 4157
2580 9224748 4499
2581 9229435 933
2582 9230550 2033
2583 9232797 755
2584 9233758 1755
2585 9235735 673
2586 9236633 969
2587 9237831 1275
2588 9239319 383
2589 9239878 3787
2590 9243848 1265
2591 9245301 4625
2592 9250117 2262
2593 9252604 1869
2594 9254675 2283
2595 9257168 2035
2596 9259412 3276
2597 9262901 1468
2598 9264578 927
2599 9265705 2406
2600 9268316 1835
2601 9270346 1689
2602 9272246 4085
2603 9276541 14368
2604 9291142 1942
2605 9293269 6378
2606 9299859 13569
2607 9313592 8894
2608 9322656 3541
2609 9326364 4433
2610 9330973 3463
2611 9334615 5501
2612 9340289 1526
2613 9341982 8888
2614 9351080 3777
2615 9355069 1678
2616 9356963 9559
2617 9366729 6292
2618 9373218 2282
2619 9375673 4331
2620 9380204 7380
2621 9387757 1915
2622 9389845 3518
2623 9393552 4139
2624 9397867 884
2625 9398955 2001
2626 9401171 1442
2627 9402783 2
2628 9402992 2617
2629 9405801 756
2630 9406737 915
2631 9407850 15403
2632 9423416 6227
2633 9429837 13703
2634 9443789 535
2635 9444514 2578
2636 9447272 1829
2637 9449312 2417
2638 9451909 2508
2639 9454682 1583
2640 9456448 19881
2641 9476500 8808
2642 9485527 3391
2643 9489087 3335
2644 9492629 3176
2645 9496012 1775
2646 9498103 3133
2647 9501453 223
2648 9501871 2355
2649 9504406 2678
2650 9507303 13641
2651 9521221 1523
2652 9523016 3882
2653 9527112 2544
2654 9529860 2753
2655 9532817 725
2656 9533734 486
2657 9534410 19913
2658 9554548 3654
2659 9558382 2
2660 9558600 28384
2661 9587224 3980
2662 9591426 7202
2663 9598815 9065
2664 9608134 30117
2665 9638434 19488
2666 9658105 700
2667 9659043 403
2668 9659647 2105
2669 9661959 1432
2670 9663561 4693
2671 9668514 3085
2672 9671817 3835
2673 9675853 2323
2674 9678341 4366
2675 9682920 943
2676 9684052 1781
2677 9686043 456
2678 9686700 217
2679 9687109 9659
2680 9697016 2072
2681 9699304 603
2682 9700145 30169
2683 9730585 3356
2684 9734115 727
2685 9735034 2348
2686 9737607 2895
2687 9740718 110
2688 9741036 6994
2689 9748238 18797
2690 9767257 5468
2691 9772947 1090
2692 9774237 1968
2693 9776404 2154
2694 9778739 2388
2695 9781335 1025
2696 9782567 8741
2697 9791554 3455
2698 9795189 1918
2699 9797322 2148
2700 9799668 21886
2701 9821751 659
2702 9822591 203
2703 9822974 914
2704 9824113 3607
2705 9827945 922
2706 9829068 3337
2707 9832594 3061
2708 9835832 1365
2709 9837397 1142
2710 9838731 1795
2711 9840735 1936
2712 9842880 1079
2713 9844151 1090
2714 9845452 3640
2715 9849335 342
2716 9849875 6254
2717 9856333 2358
2718 9858895 3441
2719 9862555 610
2720 9863363 1058
2721 9864622 2207
2722 9867027 479
2723 9867704 585
2724 9868480 4834
2725 9873485 1940
2726 9875620 796
2727 9876617 5270
2728 9882051 1753
2729 9884017 1309
2730 9885513 1664
2731 9887364 989
2732 9888529 962
2733 9889701 6760
2734 9896654 3552
2735 9900405 825
2736 9901422 2265
2737 9903889 2004
2738 9906115 3012
2739 9909332 2400
2740 9911914 29791
2741 9941951 896
2742 9943042 1533
2743 9944783 4830
2744 9949887 1040
2745 9951132 1437
2746 9952777 1542
2747 9954503 2215
2748 9956908 1483
2749 9958581 1360
2750 9960158 2413
2751 9962792 3011
2752 9966009 4448
2753 9970668 1586
2754 9972447 742
2755 9973397 1289
2756 9974886 1883
2757 9976935 1303
2758 9978458 1574
2759 9980253 1086
2760 9981536 1688
2761 9983438 1434
2762 9985056 687
2763 9985911 2502
2764 9988624 1674
2765 9990494 5932
2766 9996644 2533
2767 9999368 1224
2768 10000767 987
2769 10001968 2508
2770 10004651 1241
2771 10006103 2122
2772 10008415 1266
2773 10009878 1129
2774 10011213 2000
2775 10013400 1308
2776 10014916 1527
2777 10016627 5046
2778 10021842 2414
2779 10024425 5436
2780 10030030 1469
2781 10031701 1084
2782 10032994 2776
2783 10035960 1426
2784 10037558 2562
2785 10040344 1081
2786 10041634 682
2787 10042491 1394
2788 10044095 3781
2789 10048087 3043
2790 10051320 2795
2791 10054302 3176
2792 10057656 2491
2793 10060365 1212
2794 10061769 1180
2795 10063136 708
2796 10064017 1951
2797 10066179 1428
2798 10067803 882
2799 10068890 3079
2800 10072211 2995
2801 10075409 3603
2802 10079184 1564
2803 10080935 4679
2804 10085804 3614
2805 10089665 1562
2806 10091429 1565
2807 10093211 773
2808 10094177 1079
2809 10095444 784
2810 10096426 987
2811 10097585 4919
2812 10102668 2070
2813 10104946 1650
2814 10106798 914
2815 10107924 1084
2816 10109213 1051
2817 10110448 3998
2818 10114628 1322
2819 10116131 2479
2820 10118817 1928
2821 10120955 890
2822 10122051 1616
2823 10123882 4808
2824 10128878 2138
2825 10131213 840
2826 10132242 901
2827 10133327 6510
2828 10140016 1989
2829 10142176 1730
2830 10144107 6510
2831 10150796 6002
2832 10157002 3457
2833 10160629 472
2834 10161259 1665
2835 10163095 2888
2836 10166175 1047
2837 10167432 2127
2838 10169732 936
2839 10170844 3300
2840 10174323 3928
2841 10178434 4145
2842 10182761 6117
2843 10189048 3545
2844 10192802 543
2845 10193513 4102
2846 10197789 3861
2847 10201869 352
2848 10202405 825
2849 10203403 1430
2850 10204986 3452
2851 10208640 3375
2852 10212228 4594
2853 10217031 2479
2854 10219728 1877
2855 10221806 2908
2856 10224936 609
2857 10225737 6996
2858 10232918 776
2859 10233864 2971
2860 10237011 2196
2861 10239395 2478
2862 10242068 3238
2863 10245473 2340
2864 10248022 3894
2865 10252092 1859
2866 10254133 1650
2867 10255994 4250
2868 10260429 1213
2869 10261851 4220
2870 10266275 3680
2871 10270156 5495
2872 10275836 6478
2873 10282500 4327
2874 10287030 1630
2875 10288830 1087
2876 10290099 2650
2877 10292947 6255
2878 10299390 2312
2879 10301928 3255
2880 10305375 2531
2881 10308087 2103
2882 10310363 10314
2883 10320862 587
2884 10321625 8923
2885 10330740 6625
2886 10337553 2004
2887 10339757 2293
2888 10342277 2175
2889 10344667 2199
2890 10347036 1177
2891 10348382 965
2892 10349517 2739
2893 10352462 9988
2894 10362633 1084
2895 10363909 3771
2896 10367877 958
2897 10369001 310
2898 10369457 10571
2899 10380252 1630
2900 10382087 3134
2901 10385450 3133
2902 10388792 3383
2903 10392374 9483
2904 10402066 2008
2905 10404250 919
2906 10405361 610
2907 10406141 865
2908 10407195 1637
2909 10409027 8320
2910 10417548 3235
2911 10421003 6162
2912 10427348 4623
2913 10432162 5409
2914 10437772 1520
2915 10439478 5181
2916 10444838 1496
2917 10446529 1531
2918 10448239 6617
2919 10455041 2585
2920 10457825 1294
2921 10459321 1879
2922 10461387 2389
2923 10463967 2387
2924 10466544 3596
2925 10470324 593
2926 10471106 905
2927 10472202 2729
2928 10475141 4221
2929 10479552 9488
2930 10489231 2021
2931 10491422 2972
2932 10494588 1879
2933 10496689 2060
2934 10498971 26885
2935 10526014 1707
2936 10527909 1591
2937 10529684 5163
2938 10535059 5304
2939 10540524 2286
2940 10543026 3212
2941 10546439 4595
2942 10551216 3558
2943 10554944 3174
2944 10558325 15298
2945 10573814 3957
2946 10577959 3434
2947 10581557 9967
2948 10591715 1486
2949 10593398 1311
2950 10594902 5662
2951 10600771 10769
2952 10611732 5069
2953 10616987 3666
2954 10620844 2024
2955 10623044 1138
2956 10624355 502
2957 10625024 1349
2958 10626559 4481
2959 10631213 2573
2960 10633953 1764
2961 10635909 8586
2962 10644705 6100
2963 10650981 4999
2964 10656177 1809
2965 10658154 6288
2966 10664633 2791
2967 10667606 2746
2968 10670549 7305
2969 10678064 1520
2970 10679765 1893
2971 10681886 2412
2972 10684482 1506
2973 10686185 1426
2974 10687790 10719
2975 10698712 7415
2976 10706331 3212
2977 10709716 2866
2978 10712758 1707
2979 10714662 5391
2980 10720241 8014
2981 10728431 3020
2982 10731643 376
2983 10732225 3484
2984 10735886 4945
2985 10741014 6714
2986 10747928 753
2987 10748854 2200
2988 10751222 4221
2989 10755595 3369
2990 10759152 2737
2991 10762062 5463
2992 10767693 4899
2993 10772786 7177
2994 10780145 944
2995 10781274 3747
2996 10785218 1151
2997 10786570 7178
2998 10793922 3126
2999 10797220 4202
3000 10801607 4705
3001 10806488 2136
3002 10808838 5896
3003 10814922 2061
3004 10817206 1489
3005 10818919 15137
3006 10834236 9123
3007 10843538 5240
3008 10848936 1203
3009 10850312 5521
3010 10856013 1228
3011 10857411 6335
3012 10863980 4435
3013 10868618 4395
3014 10873232 9589
3015 10883005 1545
3016 10884741 3299
3017 10888223 15537
3018 10903934 9417
3019 10913536 3740
3020 10917450 7706
3021 10925351 13611
3022 10939135 3614
3023 10942937 13932
3024 10957033 5228
3025 10962437 3552
3026 10966192 2211
3027 10968615 1817
3028 10970663 2284
3029 10973181 3219
3030 10976625 2263
3031 10979095 2309
3032 10981620 20095
3033 11001894 8190
3034 11010299 4208
3035 11014677 4276
3036 11019159 3978
3037 11023310 1356
3038 11024851 4320
3039 11029344 1189
3040 11030715 1010
3041 11031904 1295
3042 11033391 7230
3043 11040826 1993
3044 11043013 17852
3045 11061047 8699
3046 11069934 5520
3047 11075618 3868
3048 11079650 3353
3049 11083219 1856
3050 11085280 16223
3051 11101661 4316
3052 11106129 979
3053 11107290 1714
3054 11109225 1158
3055 11110586 7990
3056 11118770 5019
3057 11123950 6679
3058 11130802 1738
3059 11132739 7992
3060 11140952 7418
3061 11148522 8334
3062 11157036 4813
3063 11162022 6544
3064 11168775 14936
3065 11183875 7354
3066 11191425 4941
3067 11196515 1193
3068 11197893 1406
3069 11199472 1976
3070 11201633 1187
3071 11202988 625
3072 11203814 6125
3073 11210194 1937
3074 11212335 8119
3075 11220641 4056
3076 11224873 1688
3077 11226758 5076
3078 11232004 5329
3079 11237482 8967
3080 11246607 4539
3081 11251308 9348
3082 11260842 3608
3083 11264623 909
3084 11265705 1248
3085 11267139 1181
3086 11268506 8921
3087 11277594 156
3088 11277899 1547
3089 11279636 576
3090 11280413 1260
3091 11281877 12375
3092 11294439 7818
3093 11302481 3896
3094 11306568 4809
3095 11311577 4258
3096 11316049 8758
3097 11324998 2044
3098 11327224 5206
3099 11332597 2752
3100 11335531 2913
3101 11338650 1492
3102 11340340 7876
3103 11348440 3536
3104 11352138 14031
3105 11366318 3121
3106 11369609 3733
3107 11373494 4163
3108 11377815 11440
3109 11389416 765
3110 11390354 7794
3111 11398366 6056
3112 11404640 565
3113 11405430 5467
3114 11411120 15540
3115 11426828 732
3116 11427752 5870
3117 11433825 481
3118 11434510 5077
3119 11439779 7885
3120 11447849 1224
3121 11449298 4168
3122 11453669 514
3123 11454378 8715
3124 11463299 1143
3125 11464667 3133
3126 11468001 3495
3127 11471686 6178
3128 11478037 1309
3129 11479519 2494
3130 11482198 1893
3131 11484286 2915
3132 11487389 1388
3133 11488986 8342
3134 11497495 3313
3135 11500993 3209
3136 11504378 1193
3137 11505738 7692
3138 11513648 8033
3139 11521842 8449
3140 11530473 5504
3141 11536153 7209
3142 11543566 6849
3143 11550642 5327
3144 11556127 1593
3145 11557916 6245
3146 11564334 8807
3147 11573364 3669
3148 11577222 4411
3149 11581809 2548
3150 11584530 2175
3151 11586921 3664
3152 11590776 4609
3153 11595579 4095
3154 11599835 3065
3155 11603076 6861
3156 11610122 8353
3157 11618691 8294
3158 11627173 2596
3159 11629963 472
3160 11630602 4001
3161 11634785 7926
3162 11642914 8163
3163 11651244 5231
3164 11656645 2230
3165 11659051 7386
3166 11666642 6411
3167 11673277 3256
3168 11676732 2701
3169 11679624 850
3170 11680676 2882
3171 11683722 10370
3172 11694315 7368
3173 11701871 7439
3174 11709480 849
3175 11710513 2782
3176 11713474 1616
3177 11715260 7832
3178 11723280 6722
3179 11730214 3860
3180 11734268 844
3181 11735292 9390
3182 11744864 9444
3183 11754487 2498
3184 11757185 3592
3185 11760971 5483
3186 11766654 14558
3187 11781429 2846
3188 11784466 4248
3189 11788914 7704
3190 11796798 6326
3191 11803289 2302
3192 11805788 3647
3193 11809646 3576
3194 11813439 1675
3195 11815290 3196
3196 11818668 4881
3197 11823738 2050
3198 11825970 935
3199 11827068 1172
3200 11828423 3778
3201 11832410 787
3202 11833392 3314
3203 11836870 3090
3204 11840162 3496
3205 11843829 3089
3206 11847097 2289
3207 11849553 802
3208 11850531 1062
